	Alphaproteobacteria	Deltaproteobacteria	Acidobacteria	Gemmatimonadetes	Bacteroidetes	Verrucomicrobia	Planctomycetes	Chloroflexi	Firmicutes	Actinobacteria	Gammaproteobacteria	Nitrospirae	Chytridiomycota	Leotiomycetes	Eurotiomycetes	Sordariomycetes	Dothideomycetes	Agaricomycetes	Tremellomycetes	Cercozoa	Ciliophora	Ochrophyta	Schizoplasmodiida	Tubulinea
M-1-1	0.126414713	0.029944759	0.140359741	0.06490838	0.042980329	0.020816492	0.008757747	0.057194826	0.029877392	0.167879278	0.262732417	0.008656696	0.22875257	0.043694311	0.026045236	0.125428376	0.027930089	0.012851268	0.040267306	0.605312346	0.212985735	0.070929661	0.007673389	0.002951303
M-2-1	0.157437348	0.030551064	0.203718674	0.069354621	0.015292374	0.04604554	0.016976556	0.082423875	0.012900835	0.148039612	0.14635543	0.013608192	0.651816313	0.199108979	0.026216587	0.383310487	0.036154901	0.048149417	0.012165867	0.480472209	0.192326611	0.138022627	0.008165273	0.002852927
M-3-1	0.207693344	0.039814066	0.172931824	0.071476691	0.028563729	0.012462948	0.026138507	0.086028025	0.017987065	0.152485853	0.130018863	0.008589329	0.59270048	0.083104866	0.027073338	0.226010966	0.10023989	0.053632625	0.005311857	0.176586326	0.623020167	0.148647319	0.001377275	0.002951303
M-4-1	0.200080841	0.037052008	0.146456481	0.095189976	0.014416599	0.029271086	0.040386688	0.075922932	0.01849232	0.154136351	0.120890596	0.008623013	0.666552433	0.1425634	0.043694311	0.431117204	0.029814942	0.008910212	0.032042495	0.193015248	0.033743237	0.061682243	0.008460403	0.001770782
M-5-1	0.138473457	0.057733764	0.196544058	0.067165185	0.038062517	0.021187012	0.014618701	0.134902991	0.012395581	0.068445163	0.192973592	0.012159795	0.76439342	0.200479781	0.003084304	0.529472241	0.023817683	0.017649075	0.001542152	0.192916872	0.145991146	0.023413674	0.000196754	0.004328578
M-6-1	0.134296686	0.054163298	0.209613312	0.090036378	0.048201293	0.018694422	0.027789006	0.119374832	0.01488817	0.090777418	0.136014551	0.008488278	0.815284441	0.023474983	0.011823167	0.335332419	0.112748458	0.006339959	0.003941056	0.311264142	0.478504673	0.089621249	0.002361043	0.00885391
M-7-1	0.162860415	0.042037187	0.197386149	0.105328752	0.046079224	0.012732417	0.011385071	0.092192132	0.023241714	0.06915252	0.162287793	0.010475613	0.352467443	0.027587389	0.013708019	0.218471556	0.044379712	0.016278273	0.001199452	0.540186916	0.074963109	0.084308903	0.00275455	0.015051648
M-8-1	0.14460388	0.058036917	0.218303692	0.085926974	0.036108866	0.029136351	0.025902722	0.059215845	0.024824845	0.070398814	0.189638911	0.007983023	0.57111035	0.032556546	0.009938314	0.339102125	0.039924606	0.010795065	0.011651816	0.229611412	0.264240039	0.065518938	0.017707821	0.006689621
M-9-1	0.224434115	0.038433037	0.188763137	0.075821881	0.025565885	0.0181218	0.021119644	0.063729453	0.012092428	0.095493129	0.173437079	0.009397736	0.716244003	0.070938999	0.019362577	0.541295408	0.038553804	0.016963674	0.034612748	0.280373832	0.195573045	0.212887359	0.012493851	0.005017216
M-10-1	0.199744004	0.058373754	0.172258151	0.055039073	0.022871194	0.021018593	0.023039612	0.077371328	0.014079763	0.116511722	0.175289679	0.018761789	0.277587389	0.046093215	0.012851268	0.173577793	0.032042495	0.024845785	0.001028101	0.091588785	0.132316773	0.175209051	0.006197737	0.002557796
M-11-1	0.134532471	0.055679062	0.189942064	0.073834546	0.032976287	0.021759634	0.021995419	0.086499596	0.00980194	0.114726489	0.19489356	0.01118297	0.739033585	0.02827279	0.03564085	0.360692255	0.277073338	0.046264565	0.003598355	0.384849975	0.100639449	0.125332022	0.006099361	0.029217905
M-12-1	0.1684519	0.049616006	0.154405821	0.085859607	0.042407707	0.015090272	0.021759634	0.091888979	0.016875505	0.108259229	0.180780113	0.011014551	0.859321453	0.01439342	0.003941056	0.174091844	0.00685401	0.000685401	0.000856751	0.395769798	0.424299065	0.058534186	0.001180521	0.023905558
M-13-1	0.137429264	0.045001347	0.163264619	0.093674212	0.031729992	0.021153328	0.011048235	0.080268122	0.032100512	0.096436271	0.194859876	0.012025061	0.834132968	0.044722413	0.003598355	0.741432488	0.021932831	0.006682659	0.008224812	0.288735858	0.195277914	0.109591736	0.01436301	0.003246434
M-14-1	0.163298302	0.028226893	0.178725411	0.073160873	0.010576664	0.016808138	0.044731878	0.164544597	0.012766101	0.122810563	0.121328483	0.012563999	0.739033585	0.088245374	0.155071967	0.431288554	0.027758739	0.004626456	0.055688828	0.229217905	0.087653714	0.063354648	0.01987211	0.077029021
M-15-1	0.144637564	0.04170035	0.184518998	0.082390191	0.016707087	0.019469146	0.032066828	0.109067637	0.013810294	0.124831582	0.151138507	0.0090609	0.559801234	0.022446881	0.017649075	0.399588759	0.038896504	0.058773132	0.000685401	0.245450074	0.041219872	0.134284309	0.012198721	0.009149041
M-16-1	0.173807599	0.046550795	0.136890326	0.099973053	0.024858529	0.027317435	0.0199744	0.100747777	0.021052277	0.159087847	0.128098895	0.009700889	0.148046607	0.01422207	0.017306374	0.089444825	0.020733379	0.002056203	0.00017135	0.571077226	0.206984752	0.026364978	0.003935071	0.002164289
M-17-1	0.132713554	0.07100512	0.19054837	0.085185934	0.027485853	0.018222851	0.011048235	0.10761924	0.015427109	0.071341956	0.199912423	0.013305039	0.629369431	0.065284441	0.019362577	0.352810144	0.080705963	0.01405072	0.000856751	0.574028529	0.267388096	0.063551402	0.009345794	0.001967536
M-18-1	0.123955807	0.047359202	0.226320399	0.080672326	0.040386688	0.0162692	0.013237672	0.160165724	0.022702776	0.086364861	0.122473727	0.00757882	0.529472241	0.024503084	0.025702536	0.429746402	0.027416038	0.042494859	0.017306374	0.645548451	0.034923758	0.08745696	0.006099361	0.019085096
M-19-1	0.188224198	0.033481541	0.159155214	0.18445163	0.058643223	0.012698733	0.012227162	0.081076529	0.029978442	0.063965238	0.117926435	0.005995688	0.905071967	0.258396162	0.013365319	0.303803975	0.303803975	0.01422207	0.001713502	0.691293655	0.054008854	0.058140679	0.006886375	0.010132809
M-20-1	0.141740771	0.085421719	0.228341417	0.080571275	0.029574239	0.017919698	0.014854487	0.047258151	0.028092158	0.065043115	0.186169496	0.008791431	0.499485949	0.043522961	0.016963674	0.397703907	0.018334476	0.008567512	0.082419465	0.160157403	0.047024102	0.07889818	0.00855878	0.010821446
M-21-1	0.164039342	0.058239019	0.185563191	0.081615468	0.045338184	0.016774454	0.019401778	0.059956885	0.010846133	0.110650768	0.185226354	0.007848289	0.796264565	0.046949966	0.205791638	0.416723783	0.05723098	0.055346127	0.003427005	0.208066896	0.112641417	0.034628628	0.006689621	0.006886375
M-22-1	0.171483428	0.047157101	0.175491781	0.071341956	0.035906764	0.011149286	0.016976556	0.111156023	0.012698733	0.149454325	0.147938561	0.011048235	0.627998629	0.030843043	0.065969842	0.476867718	0.043694311	0.037183002	0.002227553	0.339891786	0.052631579	0.077717659	0.001869159	0.058042302
M-23-1	0.13082727	0.075013473	0.193680949	0.067737807	0.036479386	0.02644166	0.015326058	0.063662086	0.008993533	0.099130962	0.212981676	0.011216653	0.740061686	0.019191227	0.053289925	0.579506511	0.023474983	0.038553804	0.007539411	0.242400394	0.078012789	0.071224791	0.021544515	0.004623709
M-24-1	0.122305309	0.05214228	0.169159256	0.108831851	0.026980598	0.01054298	0.0199744	0.119846403	0.009094584	0.120317974	0.172089733	0.010206144	0.736806032	0.006511309	0.048663468	0.582419465	0.079163811	0.096470185	0.002056203	0.477225775	0.115395967	0.02262666	0.009444171	0.023020167
M-25-1	0.06046214	0.019637564	0.146187012	0.03873619	0.03115737	0.006063056	0.006433576	0.062550525	0.067165185	0.103914039	0.421483428	0.005557801	0.961960247	0.287868403	0.130568883	0.517477724	0.021932831	0.001370802	0.002056203	0.393703886	0.266010821	0.065420561	0.027250369	0.014756517
R-1-1	0.08589329	0.132915656	0.173773915	0.039241444	0.022298572	0.005591485	0.010004042	0.118633791	0.025161681	0.112402317	0.204796551	0.018829157	0.440541467	0.122172721	0.004969157	0.238690884	0.052604524	0.077964359	0.120459219	0.379537629	0.232464338	0.102410231	0.007279882	0.008165273
R-2-1	0.065750472	0.061001078	0.180611695	0.046247642	0.00656831	0.012395581	0.005894638	0.115400162	0.010509297	0.289207761	0.119509566	0.029068984	0.161069225	0.056202879	0.012165867	0.063056888	0.018848526	0.015935572	0.003598355	0.599212986	0.161141171	0.100639449	0	0.00275455
R-3-1	0.130389383	0.062786311	0.133050391	0.054904338	0.01155349	0.004951496	0.007983023	0.08329965	0.012092428	0.330672326	0.101151981	0.017144974	0.863262509	0.041124058	0.044379712	0.441226868	0.160041124	0.011137766	0.020733379	0.303590753	0.386424004	0.027053615	0.001377275	0.008362027
R-4-1	0.108966586	0.078449205	0.175794934	0.040790892	0.012900835	0.007747238	0.013237672	0.111358124	0.017077607	0.162153058	0.194657774	0.01488817	0.873372173	0.027587389	0.009595613	0.687628513	0.036154901	0.011651816	0.032899246	0.418494835	0.041121495	0.095818987	0.00885391	0.003344811
R-5-1	0.09458367	0.102836163	0.144031258	0.034222582	0.041498248	0.006871463	0.016875505	0.152721638	0.013911345	0.072082996	0.251279978	0.015595527	0.531014393	0.084132968	0.001199452	0.27844414	0.070767649	0.051405072	0.019362577	0.511165765	0.079685194	0.084308903	0.003836695	0.002164289
R-6-1	0.125943142	0.080604958	0.153765831	0.030382646	0.030214228	0.004513608	0.018189167	0.100242522	0.026980598	0.167811911	0.172662355	0.013271355	0.870801919	0.025531186	0.010623715	0.387251542	0.433344757	0.020562029	0.001199452	0.379439252	0.120413182	0.03639941	0.000590261	0.004525332
R-7-1	0.087813258	0.091383724	0.117286446	0.018526004	0.086701698	0.008521962	0.015056589	0.13257882	0.013136621	0.039510914	0.328752358	0.016134465	0.425805346	0.025359836	0.00736806	0.34270048	0.044379712	0.136566141	0.014736121	0.490309887	0.045450074	0.18288244	0.001082145	0.001770782
R-8-1	0.088486931	0.13655349	0.114423336	0.0199744	0.026610078	0.010004042	0.0109135	0.155584748	0.022029103	0.072082996	0.238547561	0.050458098	0.706648389	0.29283756	0.012165867	0.261137766	0.093728581	0.102981494	0.045921864	0.23393999	0.178848992	0.079094934	0.006984752	0.002065912
R-9-1	0.084950148	0.122945298	0.144267044	0.025767987	0.033414174	0.010071409	0.00943142	0.168014012	0.018660738	0.089564807	0.205672326	0.025431151	0.702021933	0.038211103	0.054660727	0.501199452	0.087045922	0.045750514	0.034098698	0.316379734	0.22262666	0.051942941	0.007968519	0.007181505
R-10-1	0.102836163	0.049919159	0.128199946	0.063594718	0.058373754	0.005625168	0.032403665	0.097109943	0.055645379	0.143728106	0.188965238	0.011014551	0.762679918	0.069910898	0.025702536	0.606408499	0.010795065	0.003598355	0	0.589080177	0.104181013	0.035710772	0.004328578	0.002557796
R-11-1	0.14201024	0.135576664	0.150397467	0.033784694	0.017650229	0.010374562	0.022399623	0.108326597	0.019772299	0.068377796	0.188695769	0.051670709	0.362234407	0.029472241	0.009252913	0.211960247	0.088588074	0.047464016	0.005140507	0.317757009	0.125922282	0.106935563	0.032267585	0.001377275
R-12-1	0.119779035	0.101589868	0.215710051	0.018761789	0.017717596	0.010947184	0.035738345	0.154237402	0.018020749	0.059417947	0.177580167	0.029237402	0.820938999	0.084475668	0.018505826	0.531185744	0.159698424	0.016620973	0.004455106	0.361436301	0.069847516	0.036202656	0.0110182	0.008066896
R-13-1	0.0996699	0.152890057	0.189335759	0.020513339	0.021894368	0.008387227	0.032706818	0.111290757	0.022433306	0.066390461	0.176670709	0.050289679	0.780500343	0.073851953	0.037525703	0.522618232	0.108636052	0.043522961	0.009938314	0.330152484	0.054894245	0.041810133	0.011411707	0.004426955
R-14-1	0.140460792	0.127155753	0.122945298	0.024184856	0.034828887	0.0162692	0.031831043	0.134902991	0.022029103	0.076226085	0.178388575	0.044125573	0.626456477	0.041809459	0.072309801	0.452878684	0.03598355	0.048834818	0.005140507	0.234825381	0.066010821	0.034530251	0.015740285	0.001180521
R-15-1	0.082053355	0.216046888	0.100714093	0.015864996	0.011149286	0.005254648	0.007006198	0.156123686	0.013372406	0.065615737	0.222615198	0.053287524	0.819568197	0.006511309	0.029472241	0.585332419	0.108807402	0.090130226	0	0.251746188	0.142154452	0.049385145	0.012592228	0.003738318
R-16-1	0.121530585	0.052243331	0.182161143	0.024892212	0.006399892	0.009532471	0.012429264	0.125673673	0.057329561	0.191457828	0.156393155	0.015662894	0.755997258	0.020047978	0.051233722	0.54300891	0.09252913	0.003084304	0	0.29267093	0.127004427	0.016330546	0.002065912	0.006197737
R-17-1	0.114355969	0.077809216	0.07460927	0.00619779	0.041161412	0.004446241	0.055274859	0.16744139	0.096604689	0.087105901	0.228139316	0.022568041	0.686600411	0.055003427	0.061857437	0.373543523	0.124400274	0.094928033	0.0003427	0.274274471	0.099950812	0.020560748	0.015051648	0.001574029
R-18-1	0.120486392	0.047493937	0.152822689	0.030079493	0.02930477	0.007376718	0.109236055	0.1956346	0.035974131	0.13803557	0.093876314	0.007107249	0.569225497	0.041638108	0.158327622	0.260281014	0.067683345	0.026559287	0.008224812	0.25902607	0.029119528	0.028332514	0.032267585	0.003443187
R-19-1	0.159458367	0.068276745	0.167306656	0.046618162	0.036748855	0.017313393	0.066929399	0.075383994	0.037961466	0.096537321	0.151239558	0.018391269	0.417751885	0.006511309	0.122172721	0.190027416	0.095613434	0.046778615	0	0.467683227	0.108214461	0.027643876	0.009444171	0.000787014
R-20-1	0.115669631	0.102735112	0.164679332	0.029742657	0.018829157	0.005355699	0.016471302	0.09199003	0.02930477	0.109000269	0.220796281	0.026509027	0.643248801	0.040438657	0.010795065	0.3570939	0.023303633	0.060315284	0.001542152	0.310280374	0.047319233	0.046433842	0.003836695	0.000393507
R-21-1	0.122069523	0.071072487	0.149454325	0.045068715	0.01525869	0.016942873	0.01589868	0.149117489	0.016067098	0.195904069	0.152149016	0.015123956	0.33567512	0.025531186	0.020047978	0.199108979	0.051062371	0.070767649	0.000856751	0.303197245	0.150221348	0.064240039	0.006886375	0.005410723
R-22-1	0.11816222	0.081110213	0.152586904	0.040083535	0.022264888	0.00508623	0.016067098	0.067299919	0.034963622	0.221604689	0.197891404	0.013574508	0.602981494	0.02176148	0.017820425	0.473269363	0.07145305	0.262337217	0.002056203	0.39478603	0.063157895	0.090801771	0.001377275	0.000590261
R-23-1	0.117185395	0.120385341	0.154405821	0.032437348	0.020311237	0.006905147	0.054331717	0.131096739	0.018256535	0.112031797	0.144098626	0.033414174	0.724982865	0.101267992	0.039410555	0.433002056	0.042494859	0.033070596	0.045579164	0.154845057	0.046138711	0.016724053	0.004820462	0.002065912
R-24-1	0.122271625	0.097547831	0.174211803	0.041936136	0.039005659	0.005860954	0.014652385	0.097109943	0.01562921	0.136957693	0.17427917	0.02469011	0.472755312	0.037697053	0.00702536	0.374914325	0.030671693	0.054660727	0	0.576979833	0.019380226	0.039350713	0.001672405	0.001672405
R-25-1	0.092630019	0.158178389	0.16707087	0.021085961	0.029506871	0.004277823	0.013574508	0.093640528	0.028597413	0.110886553	0.18731474	0.042845594	0.845613434	0.342186429	0.011651816	0.434544208	0.036497601	0.035126799	0	0.272306936	0.151106739	0.047614363	0.008657157	0.001475652
